City	Title	Artist	Tempo in BPM	Syllables per line	Syllables per word	Syllable Variation	Novel Word Proportion	Rhymes per line	Rhymes per syllable	Rhyme Density	End Pairs Per Line	End Pairs Grown	End Pairs Shrunk	End Pairs Even	Average End Score	Average End Syllable Score	Singles per Rhyme	Doubles per Rhyme	Triples per Rhyme	Quads per Rhyme	Longs per Rhyme	Perfect Rhymes	Line Internals per Line	Links per line	bridges per line	Compounds per line	Chaining per line
Atlanta	Jefe -	T.I., Meek Mill	128	13.68	1.290566038	4.442701881	0.921239355	3	0.219298246	0.33625731	0.6	0.333333333	0.333333333	0.333333333	5.945552908	3.430126678	0.613333333	0.253333333	0.12	0.013333333	0	0.066666667	1.08	0.36	0.96	0.28	0
Atlanta	Drip Too Hard -	Lil Baby, Gunna	113	12.41666667	1.201612903	2.289771944	0.865750916	1.583333333	0.127516779	0.208053691	0.5	0.166666667	0.333333333	0.5	3.859103945	2.572735963	0.578947368	0.315789474	0	0.105263158	0	0.052631579	0.5	0.166666667	0.416666667	0.166666667	0
Atlanta	1st Day Out Tha Feds -	Gucci Mane	138	12.91666667	1.152416357	1.411756196	0.878587154	1.791666667	0.138709677	0.196774194	0.375	0	0	1	6.079585019	4.208943475	0.674418605	0.23255814	0.093023256	0	0	0.23255814	0.583333333	0.25	0.583333333	0.125	0.041666667
Atlanta	Bad and Boujee -	Migos, Lil Uzi Vert	127	7.833333333	1.223958333	1.694763176	0.912420635	1.1	0.140425532	0.225531915	0.5	0.133333333	0.066666667	0.8	6.833974671	3.534814485	0.484848485	0.424242424	0.090909091	0	0	0.060606061	0.233333333	0.1	0.266666667	0.066666667	0.066666667
Atlanta	Up The Smoke -	Stunna 4 Vegas, Offset	143	8.458333333	1.215568862	2.120911099	0.936589105	1.416666667	0.167487685	0.270935961	0.541666667	0.384615385	0.230769231	0.384615385	3.903419385	3.903419385	0.764705882	0.088235294	0	0.117647059	0.029411765	0.088235294	0.375	0.083333333	0.416666667	0.041666667	0.333333333
Atlanta	Hot (Remix) -	Young Thug, Travis Scott, Gunna	112	10.1875	1.304	1.666536453	0.946354167	1.5625	0.153374233	0.196319018	0.5625	0.111111111	0	0.888888889	4.437510193	4.437510193	0.84	0.08	0.04	0.04	0	0.2	0.4375	0.3125	0.25	0	0
Atlanta	Riverdale Rd -	2 Chainz	125	11	1.281553398	2.041241452	0.803935185	1.833333333	0.166666667	0.340909091	0.75	0	0.111111111	0.888888889	3.197765549	2.616353631	0.545454545	0.136363636	0.272727273	0	0.045454545	0.090909091	0.416666667	0.25	0.416666667	0	0
Atlanta	Undefeated -	Future, Lil Keed	157	10.375	1.194244604	0.856956825	0.723784722	1.6875	0.162650602	0.271084337	0.375	0.166666667	0	0.833333333	3.803315676	3.259984865	0.703703704	0.148148148	0.074074074	0.037037037	0.037037037	0.074074074	0.25	0.25	0.8125	0	0
Atlanta	Light It Up	Young Thug	138	8.375	1.196428571	0.992156742	0.895585317	0.75	0.089552239	0.111940299	0.3125	0.2	0	0.8	7.143839571	4.464899732	0.833333333	0.083333333	0.083333333	0	0	0.166666667	0.125	0.125	0.1875	0	0
Atlanta	Bank Account -	21 Savage	150*	9.4375	1.217741935	2.235194343	0.873660714	1.1875	0.125827815	0.21192053	0.6875	0	0.090909091	0.909090909	6.956171624	4.027257256	0.578947368	0.210526316	0.157894737	0.052631579	0	0.368421053	0.125	0.0625	0.3125	0	0
Chicago	Kill Shit	G Herbo	141	16.57692308	1.187327824	3.040408334	0.841433067	3.269230769	0.197215777	0.361948956	0.346153846	0.111111111	0	0.888888889	11.13578661	4.772479977	0.529411765	0.2	0.223529412	0.011764706	0.035294118	0.094117647	1.384615385	0.423076923	1.115384615	0.384615385	0.269230769
Chicago	We Go High -	Chance The Rapper	85	11.8	1.229166667	1.557776193	0.91955193	2.466666667	0.209039548	0.310734463	0.666666667	0.1	0	0.9	5.067268125	2.980745956	0.648648649	0.216216216	0.135135135	0	0	0.081081081	0.866666667	0.4	0.533333333	0.266666667	0.466666667
Chicago	Power	Kanye West	154	12.66666667	1.484375	5.827139569	0.834920635	2	0.157894737	0.284210526	0.6	0.333333333	0.555555556	0.111111111	7.318487748	3.874493514	0.466666667	0.266666667	0.266666667	0	0	0.1	0.466666667	0.266666667	0.666666667	0.2	0.133333333
Chicago	You Ain't Gang	Lil Bibby	149*	13.33333333	1.142857143	1.490711985	0.884877622	2.916666667	0.21875	0.325	0.583333333	0	0.142857143	0.857142857	6.129575929	3.900639227	0.542857143	0.428571429	0.028571429	0	0	0.057142857	0.75	0.75	0.833333333	0.166666667	0
Chicago	Pyramids -	Common	99	12.33333333	1.447826087	3.231786572	0.933122228	2.407407407	0.195195195	0.342342342	0.37037037	0.6	0.3	0.1	4.370938857	2.428299365	0.538461538	0.215384615	0.2	0.046153846	0	0.123076923	0.962962963	0.555555556	0.518518519	0.111111111	0.148148148
Chicago	Pop Out -	Polo G, Lil Tjay	84	13.33333333	1.185185185	1.105541597	0.890166084	1.916666667	0.14375	0.21875	0.916666667	0.181818182	0.090909091	0.727272727	6.947439835	3.821091909	0.47826087	0.52173913	0	0	0	0	0.5	0.166666667	0.333333333	0.083333333	0.25
Chicago	I Don't Like -	Chief Keef, Lil Reese	132	10.58333333	1.282828283	1.187317237	0.89537037	2.083333333	0.196850394	0.212598425	0.833333333	0.2	0.2	0.6	4.103552453	4.103552453	0.92	0.08	0	0	0	0.32	0.416666667	0.333333333	0.5	0.083333333	0.166666667
Chicago	Neighborhood Hero -	Lil Durk	90	11.94117647	1.245398773	2.732604623	0.890406326	2.235294118	0.187192118	0.334975369	0.764705882	0.461538462	0.076923077	0.461538462	6.424899431	3.093470096	0.342105263	0.578947368	0.052631579	0	0.026315789	0.026315789	0.529411765	0.235294118	0.705882353	0.058823529	0
Chicago	Haile Selassi -	Lupe Fiaso, Nikki Jean	112	9.941176471	1.173611111	2.127428391	0.744380946	2.117647059	0.213017751	0.449704142	0.294117647	0.2	0.4	0.4	3.695371496	3.695371496	0.444444444	0.277777778	0.111111111	0.111111111	0.055555556	0.25	0.529411765	0.470588235	0.823529412	0	0
Chicago	Love Sosa -	Chief Keef	132	6.166666667	1.213114754	0.471404521	0.840277778	1.041666667	0.168918919	0.243243243	0.666666667	0	0	1	7.804687302	4.802884494	0.6	0.36	0.04	0	0	0.28	0.083333333	0.25	0.041666667	0	0
L.A.	Stop Cappin -	Blueface	104	11.625	1.309859155	1.798436821	0.915349928	1.75	0.150537634	0.247311828	0.5625	0.222222222	0	0.777777778	5.21865437	2.935493083	0.464285714	0.428571429	0.107142857	0	0	0.071428571	0.5625	0.1875	0.4375	0.3125	0.375
L.A.	HUMBLE -	Kendrick Lamar	150	12.41176471	1.271084337	2.766582592	0.885962567	2.235294118	0.180094787	0.308056872	0.823529412	0.214285714	0.214285714	0.571428571	5.400073945	3.287001532	0.526315789	0.263157895	0.184210526	0.026315789	0	0.105263158	0.588235294	0.176470588	0.647058824	0.176470588	0.117647059
L.A.	West Side	The Game	84	12.6875	1.380952381	2.171369096	0.917791757	2.0625	0.162561576	0.24137931	0.375	0.5	0.333333333	0.166666667	3.866797382	3.314397756	0.636363636	0.242424242	0.121212121	0	0	0.090909091	0.6875	0.375	0.625	0.125	0.1875
L.A.	Collard Greens -	Schoolboy Q, Kendrick Lamar	154	10.58823529	1.313868613	2.426782511	0.937192056	2.352941176	0.222222222	0.377777778	0.470588235	0.25	0.125	0.625	4.86717789	2.995186394	0.525	0.375	0.025	0.05	0.025	0.075	1	0.294117647	0.588235294	0.117647059	0.588235294
L.A.	Arrest The President-	Ice Cube	95	8.65	1.262773723	1.768473918	0.936066017	2.15	0.248554913	0.369942197	0.55	0.181818182	0.272727273	0.545454545	6.181830787	4.000008156	0.604651163	0.325581395	0.046511628	0.023255814	0	0.046511628	0.8	0.35	0.45	0.1	0.25
L.A.	One Hunnit -	Nipsey Hussle	90	10.25925926	1.247747748	3.215616899	0.914006467	1.925925926	0.187725632	0.259927798	0.518518519	0.285714286	0.428571429	0.285714286	4.00646387	3.739366279	0.75	0.153846154	0.076923077	0	0.019230769	0.096153846	0.666666667	0.148148148	0.592592593	0.074074074	0.074074074
L.A.	In The Dark -	YG	102	9.1875	1.080882353	2.720724857	0.919909951	1.3125	0.142857143	0.19047619	0.375	0.5	0.5	0	5.033435886	5.033435886	0.857142857	0.047619048	0.047619048	0	0.047619048	0.19047619	0.5625	0.3125	0.0625	0.0625	0.375
L.A.	Blue Face Hunnids -	Snoop Dogg, YG, Mustard	104	8.529411765	1.239316239	2.37926452	0.96162465	1.470588235	0.172413793	0.255172414	0.470588235	0.375	0.125	0.5	7.78188574	3.89094287	0.6	0.32	0.08	0	0	0.12	0.588235294	0.235294118	0.176470588	0	0.176470588
L.A.	Talking To My Diary	Dr. Dre	84	12.46666667	1.316901408	2.729265265	0.931507937	1.666666667	0.13368984	0.213903743	0.533333333	0.25	0.375	0.375	3.843471554	3.41641916	0.68	0.24	0.04	0	0.04	0.2	0.533333333	0.266666667	0.333333333	0	0
L.A.	Big Shot -	O.T. Genasis, Mustard	101	9.666666667	1.221052632	2.173067468	0.937996032	1.583333333	0.163793103	0.232758621	0.583333333	0.714285714	0	0.285714286	6.612655021	4.208053195	0.631578947	0.315789474	0.052631579	0	0	0	0.333333333	0.083333333	0.583333333	0	0
New Orleans	2 Phones -	Kevin Gates	122	10.57142857	1.345454545	2.691634812	0.902947846	1.928571429	0.182432432	0.256756757	0.714285714	0.1	0	0.9	4.542657422	2.839160889	0.592592593	0.407407407	0	0	0	0.037037037	0.5	0.071428571	0.642857143	0.214285714	0.071428571
New Orleans	Ball N Chill	Soulja Slim	81	14.83333333	1.353612167	2.44381305	0.902798822	2.166666667	0.146067416	0.224719101	0.416666667	0.3	0.2	0.5	5.386639796	3.591093197	0.557692308	0.365384615	0.057692308	0.019230769	0	0.076923077	0.916666667	0.083333333	0.75	0.208333333	0.125
New Orleans	Money Machine 3	Curren$y	81	13.4375	1.295180723	2.936169912	0.919857053	2.5625	0.190697674	0.31627907	0.1875	0.333333333	0.666666667	0	3.832161133	3.832161133	0.536585366	0.317073171	0.097560976	0.048780488	0	0.048780488	0.9375	0.4375	1	0.1875	0.25
New Orleans	Nolia Clap -	Juvenile	80	14.9375	1.350282486	2.075715238	0.918178176	2.3125	0.154811715	0.221757322	0.5	0.125	0.125	0.75	5.647734601	4.107443346	0.675675676	0.27027027	0	0.054054054	0	0.351351351	0.8125	0.1875	0.8125	0.1875	0.375
New Orleans	Can't Be Broken	Lil Wayne	99	11.1875	1.217687075	3.10682213	0.8918434	2.3125	0.206703911	0.363128492	0.875	0.285714286	0.142857143	0.571428571	4.218678835	2.684613804	0.594594595	0.108108108	0.243243243	0.054054054	0	0.135135135	0.75	0.4375	0.25	0.125	0.375
New Orleans	We Ain't Got Much -	Boosie Badazz	99	12.31578947	1.258064516	2.15339711	0.89999372	1.631578947	0.132478632	0.170940171	0.421052632	0.125	0.125	0.75	6.207099263	4.138066175	0.741935484	0.225806452	0.032258065	0	0	0.129032258	0.421052632	0.421052632	0.368421053	0.105263158	0.105263158
New Orleans	Make No Sense	YoungBoy Never Broke Again	155	13.36363636	1.157480315	2.83717937	0.860799806	2.909090909	0.217687075	0.408163265	0.363636364	0.25	0	0.75	7.258397703	4.838931802	0.4375	0.34375	0.15625	0.03125	0.03125	0.15625	0.909090909	0.545454545	1.090909091	0.090909091	0.363636364
New Orleans	This Me	Webbie	132	9.708333333	1.239361702	3.310075108	0.85692791	1.833333333	0.188841202	0.309012876	0.416666667	0.4	0.3	0.3	3.499719882	2.692092217	0.681818182	0.204545455	0	0.090909091	0.022727273	0.227272727	0.666666667	0.375	0.375	0.083333333	0.208333333
New Orleans	Staring at the walls	C-Murder	152	12.33333333	1.243697479	1.178511302	0.893476431	1.583333333	0.128378378	0.182432432	0.5	0.333333333	0	0.666666667	4.243470116	3.637260099	0.631578947	0.315789474	0.052631579	0	0	0.052631579	0.5	0.083333333	0.5	0.083333333	0.166666667
New Orleans	Ya Heard me	B.G.	148	12.25	1.240506329	1.299038106	0.832288024	2	0.163265306	0.290816327	0.625	0.1	0.1	0.8	4.677611187	3.118407458	0.53125	0.1875	0.25	0.03125	0	0.125	0.4375	0.3125	0.625	0.0625	0.0625
New York	Peso -	A$AP Rocky	140	14.08333333	1.420168067	1.656217243	0.965277778	2.583333333	0.183431953	0.337278107	0.5	0	0	1	5.188650758	2.830173141	0.451612903	0.387096774	0.064516129	0.064516129	0.032258065	0	1	0.166666667	0.916666667	0.416666667	0.416666667
New York	Bodak Yellow -	Cardi B	125	14.29411765	1.089686099	1.404392516	0.870741677	2.411764706	0.16872428	0.259259259	0.529411765	0	0.111111111	0.888888889	3.502772489	3.502772489	0.682926829	0.219512195	0.024390244	0.024390244	0.048780488	0.146341463	0.882352941	0.294117647	0.705882353	0.235294118	0.058823529
New York	The Story of O.J.	Jay-Z	88	11.14285714	1.258064516	2.899683304	0.87086039	1.928571429	0.173076923	0.326923077	0.285714286	0.5	0	0.5	4.863568343	4.863568343	0.666666667	0.222222222	0	0	0.111111111	0.111111111	0.571428571	0.357142857	0.714285714	0.214285714	0.142857143
New York	Episode 3 - Grand Prix -	Method Man	93	11.42105263	1.299401198	3.543946499	0.84929252	2.105263158	0.184331797	0.31797235	0.473684211	0.333333333	0	0.666666667	3.541195642	2.451596983	0.45	0.475	0.025	0.025	0.025	0.075	0.578947368	0.210526316	0.842105263	0.157894737	0
New York	Royalty -	Nas, RaVaughn	94	12	1.2	4.258325179	0.882243867	2.066666667	0.172222222	0.3	0.266666667	0.25	0.5	0.25	4.712968503	3.141979002	0.548387097	0.290322581	0.064516129	0.064516129	0.032258065	0.064516129	1	0.266666667	0.533333333	0.133333333	0.266666667
New York	Hold On -	50 Cent	82	11.5625	1.321428571	1.618979231	0.926314484	1.9375	0.167567568	0.254054054	0.375	0.166666667	0	0.833333333	3.202403079	2.744916925	0.677419355	0.193548387	0.064516129	0.064516129	0	0.064516129	0.6875	0.375	0.5	0.125	0.75
New York	Man Above -	Rakim	165	11.9375	1.384057971	2.633171804	0.934107559	1.6875	0.141361257	0.240837696	0.375	0.166666667	0.333333333	0.5	5.100521054	3.060312633	0.592592593	0.259259259	0.074074074	0	0.074074074	0.222222222	0.625	0.1875	0.5	0.0625	0
New York	For My People -	Joey Bada$$	101	11.25	1.161290323	2.222048604	0.855191336	1.4375	0.127777778	0.133333333	0.5	0.375	0	0.625	3.773215628	3.773215628	0.956521739	0.043478261	0	0	0	0.130434783	0.5625	0.25	0.125	0.0625	0
New York	Lookin Ass -	Nicki Minaj	114	10.42105263	1.2	3.117282715	0.743070234	1.789473684	0.171717172	0.373737374	0.315789474	0.166666667	0.333333333	0.5	6.985118553	4.191071132	0.5	0.205882353	0.088235294	0.147058824	0.058823529	0.176470588	0.526315789	0.263157895	0.684210526	0	0.105263158
New York	Hot Nigga	Bobby Shmurda	84	11.0625	1.164473684	1.434780035	0.842255141	1.625	0.146892655	0.248587571	0.8125	0.230769231	0.076923077	0.692307692	8.656562547	4.16797456	0.423076923	0.461538462	0.115384615	0	0	0.038461538	0.3125	0.1875	0.3125	0	0